###FILE ALREADY PARSED###
BPM 50 120
439.51 0 7
634.26 0 7
829.02 0 7
1023.77 0 7
1218.53 0 7
1413.28 0 7
1608.04 0 7
1802.79 0 7
1997.55 0 7
2192.3 0 6
2387.05 0 6
2581.81 0 6
2776.57 0 6
2971.32 0 6
3166.07 0 6
3360.83 0 6
3555.58 0 3
3750.34 0 3
3945.09 0 3
4139.85 0 3
4334.6 0 3
4529.36 0 3
4724.11 0 3
4918.87 0 3
5113.62 0 3
5308.37 0 4
5503.13 0 4
5697.88 0 4
5892.64 0 4
6087.39 0 4
6282.15-6671.66 0 5
6671.66 0 7
6866.41 0 7
7061.17 0 7
7255.92 0 7
7450.68 0 7
7645.43 0 7
7840.18 0 7
8034.94 0 7
8229.689999999999 0 7
8424.45 0 6
8619.2 0 6
8813.96 0 6
9008.71 0 6
9203.47 0 6
9398.22 0 6
9592.98 0 6
9787.73 0 3
9982.49 0 3
10177.24 0 3
10371.99 0 3
10566.75 0 3
10761.5 0 3
10956.26 0 3
11151.01 0 3
11345.77 0 3
11540.52 0 3
11735.28 0 2
11930.03 0 2
12124.79 0 2
12319.54 0 2
12514.3 0 2
12709.05 0 2
12903.8 0 7
12903.8 0 4
12903.8 0 1
12903.8 0 2
13098.56 0 7
13098.56 0 2
13293.31 0 7
13293.31 0 3
13293.31 0 1
13293.31 0 2
13488.07 0 2
13488.07 0 7
13585.45 0 2
13682.82 0 1
13682.82 0 7
13682.82 0 2
13877.58 0 2
13877.58 0 7
14072.33 0 7
14072.33 0 3
14072.33 0 1
14072.33 0 2
14267.09 0 2
14267.09 0 7
14364.46 0 2
14461.84 0 1
14461.84 0 7
14461.84 0 2
14656.6 0 2
14656.6 0 6
14851.35 0 6
14851.35 0 3
14851.35 0 1
14851.35 0 2
15046.11 0 2
15046.11 0 6
15143.48 0 2
15240.86 0 1
15240.86 0 6
15240.86 0 2
15435.61 0 6
15435.61 0 2
15630.37 0 6
15630.37 0 3
15630.37 0 1
15630.37 0 2
15825.12 0 6
15825.12 0 2
15922.5 0 2
16019.88 0 2
16019.88 0 5
16019.88 0 1
16214.63 0 5
16214.63 0 2
16409.39 0 2
16409.39 0 5
16409.39 0 3
16409.39 0 1
16604.14 0 5
16604.14 0 2
16701.52 0 2
16798.9 0 2
16798.9 0 1
16798.9 0 5
16993.65 0 5
16993.65 0 2
17188.41 0 2
17188.41 0 5
17188.41 0 3
17188.41 0 1
17383.16 0 5
17383.16 0 2
17480.54 0 2
17577.92 0 2
17577.92 0 1
17577.92 0 5
17772.67 0 6
17772.67 0 2
17967.42 0 6
17967.42 0 1
17967.42 0 3
17967.42 0 2
18162.18 0 6
18162.18 0 2
18259.56 0 2
18356.93 0 1
18356.93 0 6
18356.93 0 2
18551.69 0 2
18551.69 0 6
18746.44 0 1
18746.44 0 3
18746.44 0 5
18746.44 0 2
18941.2 0 2
18941.2 0 5
19038.57 0 2
19135.95 0 1
19135.95 0 7
19135.95 0 2
19330.71 0 2
19330.71 0 7
19525.46 0 1
19525.46 0 3
19525.46 0 7
19525.46 0 2
19720.22 0 2
19720.22 0 7
19817.59 0 2
19914.97 0 1
19914.97 0 7
19914.97 0 2
20109.72 0 7
20109.72 0 2
20304.48 0 1
20304.48 0 3
20304.48 0 7
20304.48 0 2
20499.23 0 7
20499.23 0 2
20596.61 0 2
20693.99 0 2
20693.99 0 7
20693.99 0 1
20888.74 0 6
20888.74 0 2
21083.5 0 2
21083.5 0 6
21083.5 0 3
21083.5 0 1
21278.25 0 6
21278.25 0 2
21375.63 0 2
21473.01 0 2
21473.01 0 1
21473.01 0 6
21667.76 0 6
21667.76 0 2
21862.52 0 2
21862.52 0 6
21862.52 0 3
21862.52 0 1
22057.27 0 6
22057.27 0 2
22154.65 0 2
22252.03 0 2
22252.03 0 5
22252.03 0 1
22446.78 0 5
22446.78 0 2
22641.54 0 2
22641.54 0 5
22641.54 0 3
22641.54 0 1
22836.29 0 5
22836.29 0 2
22933.67 0 2
23031.04 0 1
23031.04 0 5
23031.04 0 2
23225.8 0 2
23225.8 0 5
23420.55 0 3
23420.55 0 1
23420.55 0 5
23420.55 0 2
23615.31 0 2
23615.31 0 5
23712.69 0 2
23810.06 0 1
23810.06 0 5
23810.06 0 2
24004.82 0 2
24004.82 0 4
24199.57 0 1
24199.57 0 3
24199.57 0 4
24199.57 0 2
24394.33 0 2
24394.33 0 4
24491.7 0 2
24589.08 0 1
24589.08 0 4
24589.08 0 2
24783.84 0 5
24783.84 0 1
24881.21 0 3
24978.59 0 5
24978.59 0 1
25075.97 0 3
25173.35 0 5
25173.35 0 1
25368.1 0 2
25368.1 0 3
25368.1 0 7
25368.1-25757.609999999997 0 5
25562.85 0 2
25562.85 0 3
25757.61 0 2
25757.61 0 3
25952.36 0 1
25952.36-26341.87 0 7
25952.36-26244.49 0 6
26147.12 0 1
26341.87 0 1
26341.87 0 2
26536.63 0 2
26536.63 0 3
26731.38 0 1
26731.38 0 2
26926.14 0 3
26926.14-27315.649999999998 0 5
26926.14 0 2
27120.89 0 3
27120.89 0 2
27315.65 0 2
27315.65 0 3
27510.4-27802.530000000002 0 5
27510.4-27899.91 0 6
27510.4 0 1
27705.16 0 1
27899.91 0 1
27899.91 0 2
28094.66 0 3
28094.66 0 2
28289.42 0 1
28289.42 0 2
28484.17 0 2
28484.17-28873.679999999997 0 5
28484.17 0 3
28678.93 0 2
28678.93 0 3
28873.68 0 3
28873.68 0 2
29068.44-29360.57 0 6
29068.44-29457.949999999997 0 7
29068.44 0 1
29263.19 0 1
29457.95 0 1
29457.95 0 2
29652.7 0 3
29652.7 0 2
29847.46 0 1
29847.46 0 2
30042.21-30431.719999999998 0 7
30042.21-30431.719999999998 0 5
30042.21 0 3
30042.21 0 2
30236.96 0 3
30236.96 0 2
30431.72 0 3
30431.72 0 2
30626.47-30918.600000000002 0 4
30626.47 0 1
30626.47-31210.73 0 6
30626.47-31210.73 0 7
30821.23 0 1
31015.98 0 1
31015.98 0 2
31210.74 0 3
31210.74 0 2
31405.49 0 1
31405.49 0 2
31600.25 0 4
31600.25-31989.76 0 5
31600.25 0 2
31600.25 0 3
31795 0 3
31795 0 2
31989.76 0 3
31989.76 0 2
32184.51 0 1
32184.51-32768.77 0 7
32184.51-32476.64 0 6
32379.27 0 1
32574.02 0 1
32574.02 0 2
32768.770000000004 0 3
32768.770000000004 0 2
32963.53 0 1
32963.53 0 2
33158.28 0 2
33158.28-33547.79 0 5
33158.28 0 3
33353.04 0 3
33353.04 0 2
33547.79 0 3
33547.79 0 2
33742.55-34034.68 0 5
33742.55-34132.060000000005 0 6
33742.55 0 1
33937.3 0 1
34132.06 0 1
34132.06 0 2
34326.81 0 3
34326.81 0 2
34521.57 0 1
34521.57 0 2
34716.32 0 3
34716.32-35105.83 0 5
34716.32 0 2
34911.07 0 3
34911.07 0 2
35105.83 0 3
35105.83 0 2
35300.58 0 1
35300.58-35690.090000000004 0 7
35300.58-35592.71 0 6
35495.34 0 1
35690.09 0 1
35690.09 0 2
35884.85 0 3
35884.85 0 2
36079.6 0 1
36079.6 0 2
36274.36 0 3
36274.36 0 2
36274.36-36663.87 0 6
36469.11 0 3
36469.11 0 2
36663.87 0 3
36663.87 0 2
36858.62 0 1
36858.62-37150.75 0 5
36858.62-37248.130000000005 0 7
36858.62-37150.75 0 4
37053.38 0 1
37248.13 0 5
37248.13 0 1
37345.51 0 3
37442.89 0 5
37442.89 0 1
37540.26 0 3
37637.64 0 1
37637.64 0 5
37832.39 0 7
38027.15 0 7
38221.9 0 1
38416.66 0 1
38611.41 0 6
38806.17 0 6
39000.92 0 2
39195.68 0 2
39390.43 0 5
39585.19 0 5
39779.94 0 3
39974.7 0 3
40169.45 0 4
40364.2 0 4
40558.96 0 5
40753.71 0 5
40948.47 0 3
41143.22 0 3
41337.98 0 6
41532.73 0 6
41727.49 0 2
41922.24 0 2
42117 0 7
42311.75 0 7
42506.51 0 1
42701.26 0 1
42896.01 0 6
43090.77 0 6
43285.52 0 4
43480.28 0 4
43675.03-44064.54 0 2
43675.03 0 7
43675.03-44064.54 0 1
43869.79 0 7
44064.54 0 1
44064.54 0 2
44064.54 0 3
44259.3 0 2
44454.05 0 1
44454.05 0 2
44454.05 0 3
44648.81 0 3
44648.81 0 2
44648.81 0 1
44843.56 0 2
45038.32 0 1
45038.32 0 2
45038.32 0 3
45233.07 0 3
45233.07 0 2
45233.07 0 1
45427.82 0 2
45622.58 0 1
45622.58 0 2
45622.58 0 3
45817.33 0 2
46012.09 0 3
46012.09 0 2
46012.09 0 1
46206.84 0 3
46206.84 0 2
46206.84 0 1
46401.6 0 2
46596.35 0 1
46596.35 0 2
46596.35 0 3
46791.11-46985.86 0 4
46791.11-46985.86 0 3
46791.11 0 2
46985.86 0 2
47180.62 0 1
47180.62 0 2
47180.62 0 3
47375.37 0 2
47570.13 0 2
47570.13 0 1
47570.13 0 3
47764.88 0 1
47764.88 0 3
47764.88 0 2
47959.63 0 2
48154.39 0 1
48154.39 0 3
48154.39 0 2
48349.14 0 1
48349.14 0 3
48349.14 0 2
48543.9 0 2
48738.65 0 3
48738.65 0 1
48738.65 0 2
48933.41 0 2
49128.16 0 3
49128.16 0 1
49128.16 0 2
49322.92 0 2
49322.92 0 1
49322.92 0 3
49517.67 0 2
49712.43 0 2
49712.43 0 1
49712.43 0 3
49907.18-50101.93 0 4
49907.18-50101.93 0 3
49907.18 0 2
50101.94 0 2
50296.69 0 2
50296.69 0 1
50296.69 0 3
50491.44 0 2
50686.2 0 3
50686.2 0 1
50686.2 0 2
50880.95 0 3
50880.95 0 1
50880.95 0 2
51075.71 0 2
51270.46 0 3
51270.46 0 1
51270.46 0 2
51465.22 0 2
51465.22 0 1
51465.22 0 3
51659.97 0 2
51854.73 0 2
51854.73 0 1
51854.73 0 3
52049.48 0 2
52244.24 0 3
52244.24 0 2
52244.24 0 1
52438.99 0 1
52438.99 0 2
52438.99 0 3
52633.74 0 2
52828.5 0 3
52828.5 0 1
52828.5 0 2
53023.25 0 2
53023.25-53218 0 3
53023.25-53218 0 4
53218.01 0 2
53412.76 0 1
53412.76 0 2
53412.76 0 3
53607.52 0 2
53802.27 0 2
53802.27 0 1
53802.27 0 3
53997.03 0 1
53997.03 0 2
53997.03 0 3
54191.78 0 2
54386.54 0 1
54386.54 0 2
54386.54 0 3
54581.29 0 3
54581.29 0 2
54581.29 0 1
54776.05 0 2
54970.8 0 3
54970.8 0 1
54970.8 0 2
55165.55 0 2
55360.31 0 1
55360.31 0 2
55360.31 0 3
55555.06 0 1
55555.06 0 2
55555.06 0 3
55749.82 0 2
55944.57 0 3
55944.57 0 2
55944.57 0 1
56139.33-56334.090000000004 0 4
56139.33-56334.090000000004 0 3
56139.33 0 2
56334.08 0 2
56528.84 0 1
56528.84 0 3
56528.84 0 2
56528.84 0 7
56723.59 0 7
56723.59 0 2
56918.35 0 7
56918.35 0 2
56918.35 0 3
56918.35 0 1
57113.1 0 7
57113.1 0 3
57113.1 0 1
57113.1 0 2
57307.86 0 7
57307.86 0 2
57502.61 0 3
57502.61 0 2
57502.61 0 1
57502.61 0 7
57697.36 0 6
57697.37 0 3
57697.37 0 1
57697.37 0 2
57892.12 0 6
57892.12 0 2
58086.87 0 2
58086.87 0 3
58086.87 0 1
58086.87 0 6
58281.63 0 6
58281.63 0 2
58476.38 0 6
58476.38 0 2
58476.38 0 3
58476.38 0 1
58671.14 0 6
58671.14 0 1
58671.14 0 3
58671.14 0 2
58865.89 0 6
58865.89 0 2
59060.65 0 2
59060.65 0 3
59060.65 0 1
59060.65-59255.4 0 6
59255.4-59450.16 0 4
59255.4-59450.16 0 3
59255.4 0 2
59450.16 0 2
59644.91 0 7
59644.91 0 1
59644.91 0 3
59644.91 0 2
59839.67 0 7
59839.67 0 2
60034.42 0 1
60034.42 0 3
60034.42 0 2
60034.42 0 7
60229.17 0 7
60229.18 0 1
60229.18 0 3
60229.18 0 2
60423.93 0 7
60423.93 0 2
60618.68 0 7
60618.68 0 1
60618.68 0 3
60618.68 0 2
60813.44 0 6
60813.44 0 1
60813.44 0 3
60813.44 0 2
61008.19 0 2
61008.19 0 6
61202.95 0 6
61202.95 0 2
61202.95 0 3
61202.95 0 1
61397.7 0 6
61397.7 0 2
61592.46 0 6
61592.46 0 3
61592.46 0 1
61592.46 0 2
61787.21 0 6
61787.21 0 1
61787.21 0 3
61787.21 0 2
61981.97 0 2
61981.97 0 6
62176.72-62371.47 0 6
62176.72 0 2
62176.72 0 3
62176.72 0 1
62371.48-62566.240000000005 0 4
62371.48-62566.240000000005 0 3
62371.48 0 2
62566.23 0 2
62760.98 0 5
62760.99 0 2
62760.99 0 3
62760.99 0 1
62955.74 0 5
62955.74 0 2
63150.49 0 5
63150.49 0 1
63150.49 0 3
63150.49 0 2
63345.25 0 5
63345.25 0 2
63345.25 0 3
63345.25 0 1
63540 0 2
63540 0 5
63734.76 0 5
63734.76 0 2
63734.76 0 3
63734.76 0 1
63929.51 0 5
63929.51 0 1
63929.51 0 3
63929.51 0 2
64124.27 0 5
64124.27 0 2
64319.02 0 5
64319.02 0 1
64319.02 0 3
64319.02 0 2
64513.78 0 2
64513.78 0 5
64708.53 0 5
64708.53 0 1
64708.53 0 3
64708.53 0 2
64903.29 0 5
64903.29 0 2
64903.29 0 3
64903.29 0 1
65098.04 0 5
65098.04 0 2
65292.79 0 5
65292.8 0 2
65292.8 0 3
65292.8 0 1
65487.55 0 2
65487.55-65682.3 0 4
65487.55-65682.3 0 7
65487.55-65682.3 0 3
65877.06 0 7
66071.81 0 7
66266.57 0 1
66461.32 0 1
66656.08 0 5
66850.83 0 5
67045.59 0 3
67240.34 0 3
67435.1 0 7
67629.85 0 7
67824.6 0 4
68019.36 0 4
68214.11 0 3
68408.87 0 3
68603.62 0 6
68798.38 0 7
68993.13 0 3
68993.13 0 2
68993.13 0 4
69187.89 0 3
69187.89 0 2
69382.64 0 3
69382.64 0 2
69382.64 0 7
69577.4-69869.53 0 6
69577.4-69869.53 0 5
69577.4 0 1
69772.15 0 1
69772.15 0 7
69966.91 0 2
69966.91 0 1
70161.66 0 3
70161.66 0 2
70161.66 0 7
70356.41 0 2
70356.41 0 1
70551.17 0 7
70551.17 0 2
70551.17 0 3
70745.92 0 3
70745.92 0 2
70940.68 0 3
70940.68 0 2
70940.68 0 7
71135.43 0 1
71135.43-71427.56 0 4
71135.43-71427.56 0 5
71330.19 0 1
71330.19 0 7
71524.94 0 1
71524.94 0 2
71719.7 0 7
71719.7 0 2
71719.7 0 3
71914.45 0 1
71914.45 0 2
72109.21 0 3
72109.21 0 2
72109.21 0 7
72109.21 0 4
72303.96 0 3
72303.96 0 2
72498.72 0 3
72498.72 0 2
72498.72 0 7
72693.47 0 1
72693.47-72985.6 0 5
72693.47-72985.6 0 6
72888.22 0 1
72888.22 0 7
73082.98 0 1
73082.98 0 2
73277.73 0 3
73277.73 0 2
73277.73 0 7
73472.49 0 2
73472.49 0 1
73667.24 0 3
73667.24 0 2
73667.24 0 7
73862 0 3
73862 0 2
74056.75 0 3
74056.75 0 2
74056.75 0 7
74251.51-74543.64 0 6
74251.51-74543.64 0 4
74251.51 0 1
74446.26 0 1
74446.26 0 7
74641.02 0 1
74641.02 0 2
74835.77 0 7
74835.77 0 2
74835.77 0 3
75030.52 0 1
75030.52 0 2
75127.9 0 7
75225.28 0 3
75225.28 0 2
75225.28 0 4
75420.03 0 3
75420.03 0 2
75614.79 0 7
75614.79 0 2
75614.79 0 3
75809.54 0 1
75809.54-76101.67 0 5
75809.54-76101.67 0 6
76004.3 0 1
76004.3 0 7
76199.05 0 1
76199.05 0 2
76393.81 0 3
76393.81 0 2
76393.81 0 7
76588.56 0 1
76588.56 0 2
76783.32 0 7
76783.32 0 2
76783.32 0 3
76978.07 0 3
76978.07 0 2
77172.83 0 7
77172.83 0 2
77172.83 0 3
77367.58-77659.71 0 4
77367.58-77659.71 0 5
77367.58 0 1
77562.33 0 1
77562.33 0 7
77757.09 0 1
77757.09 0 2
77951.84 0 7
77951.84 0 2
77951.84 0 3
78146.6 0 1
78146.6 0 2
78341.35 0 4
78341.35 0 2
78341.35 0 3
78341.35 0 7
78536.11 0 3
78536.11 0 2
78730.86 0 3
78730.86 0 2
78730.86 0 7
78925.62-79217.75 0 6
78925.62-79217.75 0 5
78925.62 0 1
78925.62 0 4
79120.37 0 1
79315.13 0 1
79315.13 0 2
79509.88 0 7
79509.88 0 2
79509.88 0 3
79704.63 0 1
79704.63 0 2
79899.39 0 7
79899.39 0 2
79899.39 0 3
80094.14 0 3
80094.14 0 2
80094.14 0 7
80094.14 0 4
80288.9 0 3
80288.9 0 2
80483.65 0 1
80483.65-80775.78 0 4
80483.65-80775.78 0 6
80483.65 0 7
80678.41 0 1
80678.41 0 7
80873.16 0 7
80873.16 0 2
80873.16 0 1
81067.92 0 3
81067.92 0 2
81067.92 0 7
81262.67 0 1
81262.67 0 2
81262.67 0 6
81457.43 0 1
81457.43 0 7
81457.43 0 2
81652.18 0 7
81652.18 0 2
81846.93 0 7
81846.94 0 1
81846.94 0 3
81846.94 0 2
82041.69 0 2
82041.69 0 7
82236.44 0 7
82236.44 0 1
82236.45 0 2
82333.82 0 3
82431.2 0 2
82431.2 0 7
82528.58 0 3
82625.95 0 7
82625.95 0 1
82625.95 0 3
82625.95 0 2
82820.71 0 2
82820.71 0 7
83015.46 0 7
83015.46 0 1
83015.46 0 2
83210.22 0 2
83210.22 0 6
83404.97 0 6
83404.97 0 1
83404.97 0 3
83404.97 0 2
83599.73 0 2
83599.73 0 6
83794.48 0 6
83794.48 0 1
83794.48 0 2
83891.86 0 3
83989.23 0 6
83989.24 0 2
84086.61 0 3
84183.99 0 3
84183.99 0 6
84183.99 0 2
84183.99 0 1
84378.74 0 6
84378.75 0 2
84573.5 0 2
84573.5 0 1
84573.5 0 5
84768.25 0 5
84768.26 0 2
84963.01 0 2
84963.01 0 1
84963.01 0 5
84963.01 0 3
85157.76 0 5
85157.76 0 2
85352.52 0 2
85352.52 0 5
85352.52 0 1
85449.9 0 3
85547.27 0 5
85547.27 0 2
85644.65 0 3
85742.03 0 2
85742.03 0 3
85742.03 0 5
85742.03 0 1
85936.78 0 5
85936.78 0 2
86131.54 0 2
86131.54 0 5
86131.54 0 1
86326.29 0 6
86326.29 0 2
86521.04 0 1
86521.04 0 3
86521.04 0 6
86521.05 0 2
86715.8 0 6
86715.8 0 2
86910.55 0 6
86910.55 0 1
86910.56 0 2
87007.93 0 3
87105.31 0 2
87105.31 0 6
87202.69 0 3
87300.06 0 3
87300.06 0 5
87300.06 0 1
87300.07 0 2
87494.82 0 3
87494.82 0 5
87592.2 0 3
87689.57 0 7
87689.57 0 1
87689.57 0 2
87884.33 0 2
87884.33 0 7
88079.08 0 7
88079.08 0 2
88079.08 0 3
88079.08 0 4
88079.08 0 1
88273.84 0 2
88273.84 0 7
88468.59 0 7
88468.59 0 1
88468.59 0 2
88565.97 0 3
88663.34 0 7
88663.35 0 2
88760.72 0 3
88858.1 0 1
88858.1 0 7
88858.1 0 3
88858.1 0 2
89052.85 0 7
89052.86 0 2
89247.61 0 2
89247.61 0 7
89247.61 0 1
89442.36 0 6
89442.37 0 2
89637.12 0 2
89637.12 0 3
89637.12 0 1
89637.12 0 6
89831.87 0 6
89831.88 0 2
90026.63 0 2
90026.63 0 6
90026.63 0 1
90124.01 0 3
90221.38 0 6
90221.38 0 2
90318.76 0 3
90416.14 0 2
90416.14 0 6
90416.14 0 1
90416.14 0 3
90610.89 0 6
90610.89 0 2
90805.65 0 2
90805.65 0 1
90805.65 0 5
91000.4 0 5
91000.4 0 2
91195.16 0 2
91195.16 0 3
91195.16 0 1
91195.16 0 5
91389.91 0 5
91389.91 0 2
91584.66 0 5
91584.66 0 1
91584.67 0 2
91682.04 0 3
91779.42 0 5
91779.42 0 2
91876.8 0 3
91974.17 0 1
91974.17 0 3
91974.17 0 5
91974.18 0 2
92168.93 0 2
92168.93 0 5
92363.68 0 5
92363.68 0 1
92363.69 0 2
92558.44 0 2
92558.44 0 4
92753.19 0 3
92753.19 0 4
92753.19 0 1
92753.19 0 2
92947.95 0 2
92947.95 0 4
93142.7 0 4
93142.7 0 1
93142.7 0 2
93240.08 0 3
93337.46 0 2
93337.46 0 4
93434.84 0 3
93532.21 0 1
93532.21-93726.97 0 6
93532.21 0 3
93532.21 0 2
93921.72 0 1
94116.48 0 1
94311.23 0 7
94505.99 0 7
94700.74 0 1
94895.5 0 1
95090.25 0 7
95285 0 7
95479.76 0 1
95674.51 0 1
95869.27 0 7
96064.02 0 7
96258.78 0 1
96453.53 0 1
96648.29 0 7
96843.04 0 7
97037.8 0 1
97232.55 0 1
97427.31 0 7
97622.06 0 7
97816.81 0 1
98011.57 0 1
98206.32 0 7
98401.08 0 7
98595.83 0 1
98790.59 0 1
98985.34 0 7
99180.1 0 7
99374.85 0 1
99569.61 0 1
99764.36 0 7
99959.12-100153.87 0 6
99959.12-100153.87 0 7
100153.87 0 2
100153.87 0 3
100153.87 0 1
100348.62 0 2
100543.38 0 1
100543.38 0 3
100543.38 0 2
100738.13 0 2
100738.13 0 3
100738.13 0 1
100932.89 0 2
101127.64 0 2
101127.64 0 3
101127.64 0 1
101322.4 0 1
101322.4 0 3
101322.4 0 2
101517.15 0 2
101711.91 0 1
101711.91 0 3
101711.91 0 2
101906.66 0 2
102101.42 0 3
102101.42 0 1
102101.42 0 2
102296.17 0 2
102296.17 0 3
102296.17 0 1
102490.92 0 2
102685.68 0 2
102685.68 0 3
102685.68 0 1
102880.43-103075.18 0 4
102880.43 0 2
102880.43-103075.18 0 3
103075.19 0 2
103269.94 0 2
103269.94 0 3
103269.94 0 1
103464.7 0 2
103659.45 0 2
103659.45 0 3
103659.45 0 1
103854.21 0 3
103854.21 0 1
103854.21 0 2
104048.96 0 2
104243.72 0 3
104243.72 0 2
104243.72 0 1
104438.47 0 3
104438.47 0 2
104438.47 0 1
104633.23 0 2
104827.98 0 1
104827.98 0 2
104827.98 0 3
105022.73 0 2
105217.49 0 3
105217.49 0 2
105217.49 0 1
105412.24 0 3
105412.24 0 2
105412.24 0 1
105607 0 2
105801.75 0 2
105801.75 0 3
105801.75 0 1
105996.51-106191.26 0 3
105996.51-106191.26 0 4
105996.51 0 2
106191.26 0 2
106386.02 0 1
106386.02 0 2
106386.02 0 3
106580.77 0 2
106775.53 0 1
106775.53 0 2
106775.53 0 3
106970.28 0 2
106970.28 0 3
106970.28 0 1
107165.04 0 2
107359.79 0 2
107359.79 0 3
107359.79 0 1
107554.54 0 2
107554.54 0 3
107554.54 0 1
107749.3 0 2
107944.05 0 1
107944.05 0 3
107944.05 0 2
108138.81 0 2
108333.56 0 2
108333.56 0 3
108333.56 0 1
108528.32 0 2
108528.32 0 1
108528.32 0 3
108723.07 0 2
108917.83 0 1
108917.83 0 2
108917.83 0 3
109112.58-109307.33 0 3
109112.58 0 2
109112.58-109307.33 0 4
109307.34 0 2
109502.09 0 1
109502.09 0 3
109502.09 0 2
109696.85 0 2
109891.6 0 1
109891.6 0 3
109891.6 0 2
110086.35 0 3
110086.35 0 1
110086.35 0 2
110281.11 0 2
110475.86 0 2
110475.86 0 1
110475.86 0 3
110670.62 0 2
110670.62 0 3
110670.62 0 1
110865.37 0 2
111060.13 0 1
111060.13 0 2
111060.13 0 3
111254.88 0 2
111449.64 0 1
111449.64 0 3
111449.64 0 2
111644.39 0 2
111644.39 0 3
111644.39 0 1
111839.15 0 2
112033.9 0 2
112033.9 0 1
112033.9 0 3
112228.65-112423.40999999999 0 3
112228.65-112423.40999999999 0 4
112228.65 0 2
112423.41 0 2
112618.16 0 3
112618.16 0 2
112618.16 0 7
112618.16 0 1
112812.92 0 7
112812.92 0 2
113007.67 0 7
113007.67 0 3
113007.67 0 2
113007.67 0 1
113202.43 0 7
113202.43 0 1
113202.43 0 3
113202.43 0 2
113397.18 0 7
113397.18 0 2
113591.94 0 2
113591.94 0 1
113591.94 0 7
113591.94 0 3
113786.69 0 6
113786.69 0 1
113786.69 0 2
113786.69 0 3
113981.45 0 6
113981.45 0 2
114176.2 0 3
114176.2 0 1
114176.2 0 6
114176.2 0 2
114370.96 0 6
114370.96 0 2
114565.71 0 6
114565.71 0 3
114565.71 0 2
114565.71 0 1
114760.46 0 6
114760.47 0 1
114760.47 0 2
114760.47 0 3
114955.22 0 6
114955.22 0 2
115149.97-115344.72 0 6
115149.97 0 2
115149.97 0 3
115149.97 0 1
115344.73-115539.48999999999 0 3
115344.73 0 2
115344.73-115539.48999999999 0 4
115539.48 0 2
115734.24 0 7
115734.24 0 3
115734.24 0 1
115734.24 0 2
115928.99 0 7
115928.99 0 2
116123.75 0 3
116123.75 0 2
116123.75 0 1
116123.75 0 7
116318.5 0 7
116318.5 0 1
116318.5 0 2
116318.5 0 3
116513.26 0 7
116513.26 0 2
116708.01 0 7
116708.01 0 2
116708.01 0 1
116708.01 0 3
116902.77 0 6
116902.77 0 3
116902.77 0 1
116902.77 0 2
117097.52 0 6
117097.52 0 2
117292.27 0 6
117292.28 0 3
117292.28 0 1
117292.28 0 2
117487.03 0 6
117487.03 0 2
117681.78 0 3
117681.78 0 2
117681.78 0 6
117681.78 0 1
117876.54 0 6
117876.54 0 3
117876.54 0 2
117876.54 0 1
118071.29 0 6
118071.29 0 2
118266.05-118460.8 0 6
118266.05 0 2
118266.05 0 1
118266.05 0 3
118460.8-118655.56 0 3
118460.8 0 2
118460.8-118655.56 0 4
118655.56 0 2
118850.31 0 5
118850.31 0 1
118850.31 0 2
118850.31 0 3
119045.07 0 5
119045.07 0 2
119239.82 0 5
119239.82 0 2
119239.82 0 1
119239.82 0 3
119434.58 0 5
119434.58 0 3
119434.58 0 2
119434.58 0 1
119629.33 0 5
119629.33 0 2
119824.08 0 5
119824.09 0 1
119824.09 0 2
119824.09 0 3
120018.84 0 5
120018.84 0 2
120018.84 0 1
120018.84 0 3
120213.59 0 5
120213.59 0 2
120408.35 0 5
120408.35 0 1
120408.35 0 2
120408.35 0 3
120603.1 0 5
120603.1 0 2
120797.86 0 5
120797.86 0 1
120797.86 0 2
120797.86 0 3
120992.61 0 5
120992.61 0 3
120992.61 0 1
120992.61 0 2
121187.37 0 5
121187.37 0 2
121382.12 0 5
121382.12 0 3
121382.12 0 1
121382.12 0 2
121576.88 0 3
121576.88-121771.63 0 7
121576.88 0 4
121576.88 0 2
121771.63-122161.14 0 3
121966.39 0 6
122161.14 0 6
122355.9 0 6
122355.9-122453.28 0 2
122550.65 0 6
122550.65-122648.03 0 3
122745.4 0 6
122745.4-122842.78 0 4
122940.16 0 6
123134.91 0 6
123134.91-123232.29000000001 0 5
123329.67 0 6
123329.67-123427.05 0 3
123524.42 0 6
123524.42-123621.8 0 4
123719.18 0 6
123719.18-124011.31 0 3
123913.93 0 6
124108.69 0 6
124108.69-124498.2 0 2
124303.44 0 6
124498.2 0 6
124692.95 0 6
124887.7 0 6
125082.46 0 2
125082.46 0 4
125082.46 0 3
125277.21 0 2
125277.21 0 3
125471.97 0 2
125471.97 0 7
125471.97 0 3
125666.72 0 1
125666.72-125958.85 0 6
125666.72-125958.85 0 5
125861.48 0 7
125861.48 0 1
126056.23 0 1
126056.23 0 2
126250.99 0 2
126250.99 0 7
126250.99 0 3
126445.74 0 1
126445.74 0 2
126640.5 0 2
126640.5 0 3
126640.5 0 7
126835.25 0 2
126835.25 0 3
127030.01 0 7
127030.01 0 3
127030.01 0 2
127224.76 0 1
127224.76-127516.89 0 5
127224.76-127516.89 0 4
127419.51 0 7
127419.51 0 1
127614.27 0 2
127614.27 0 1
127809.02 0 3
127809.02 0 7
127809.02 0 2
128003.78 0 2
128003.78 0 1
128198.53 0 7
128198.53 0 4
128198.53 0 2
128198.53 0 3
128393.29 0 2
128393.29 0 3
128588.04 0 2
128588.04 0 7
128588.04 0 3
128782.8-129074.93000000001 0 5
128782.8 0 1
128782.8-129074.93000000001 0 6
128977.55 0 7
128977.55 0 1
129172.31 0 2
129172.31 0 1
129367.06 0 2
129367.06 0 7
129367.06 0 3
129561.82 0 1
129561.82 0 2
129756.57 0 2
129756.57 0 7
129756.57 0 3
129951.32 0 2
129951.32 0 3
130146.08 0 3
130146.08 0 7
130146.08 0 2
130340.83-130632.96 0 4
130340.83-130632.96 0 6
130340.83 0 1
130535.59 0 7
130535.59 0 1
130730.34 0 2
130730.34 0 1
130925.1 0 7
130925.1 0 3
130925.1 0 2
131119.85 0 2
131119.85 0 1
131217.23 0 7
131314.61 0 2
131314.61 0 3
131314.61 0 4
131509.36 0 2
131509.36 0 3
131704.12 0 2
131704.12 0 3
131704.12 0 7
131898.87-132191 0 6
131898.87 0 1
131898.87-132191 0 5
132093.63 0 7
132093.63 0 1
132288.38 0 2
132288.38 0 1
132483.13 0 2
132483.13 0 7
132483.13 0 3
132677.89 0 2
132677.89 0 1
132872.64 0 3
132872.64 0 7
132872.64 0 2
133067.4 0 2
133067.4 0 3
133262.15 0 7
133262.15 0 3
133262.15 0 2
133456.91-133749.04 0 4
133456.91 0 1
133456.91-133749.04 0 5
133651.66 0 7
133651.66 0 1
133846.42 0 2
133846.42 0 1
134041.17 0 3
134041.17 0 7
134041.17 0 2
134235.92 0 2
134235.92 0 1
134430.68 0 4
134430.68 0 7
134430.68 0 3
134430.68 0 2
134625.44 0 2
134625.44 0 3
134820.19 0 2
134820.19 0 7
134820.19 0 3
135014.94 0 4
135014.94-135307.07 0 6
135014.94 0 1
135014.94-135307.07 0 5
135209.7 0 1
135404.45 0 2
135404.45 0 1
135599.21 0 2
135599.21 0 7
135599.21 0 3
135793.96 0 2
135793.96 0 1
135988.72 0 2
135988.72 0 7
135988.72 0 3
136183.47 0 2
136183.47 0 7
136183.47 0 3
136183.47 0 4
136378.23 0 2
136378.23 0 3
136572.98 0 7
136572.98-136865.11000000002 0 6
136572.98-136865.11000000002 0 4
136572.98 0 1
136767.73 0 7
136767.73 0 1
136962.49 0 1
136962.49 0 7
136962.49 0 2
137157.24 0 2
137157.24 0 3
137157.24 0 7
137352 0 1
137352 0 6
137352 0 2
137546.75-137936.26 0 2
138131.02-138617.91 0 3
138715.28-139202.17 0 5
139299.55-139786.44 0 4
139883.81-140175.94 0 4
140273.32-140565.45 0 1
140662.83-141149.72 0 2
141247.09-141733.98 0 3
141831.36-142318.25 0 5
142415.62-142707.75 0 4
142999.88-143194.64 0 6
143194.64 0 7
143389.39-143584.15000000002 0 7
143778.9 0 7
143778.9 0 1
143778.9 0 2
143973.66 0 2
143973.66 0 7
144168.41 0 7
144168.41 0 2
144168.41 0 1
144168.41 0 3
144363.17 0 2
144363.17 0 7
144557.92 0 1
144557.92 0 7
144557.92 0 2
144655.3 0 3
144752.67 0 2
144752.68 0 7
144850.05 0 3
144947.43 0 1
144947.43 0 3
144947.43 0 7
144947.43 0 2
145142.18 0 2
145142.19 0 7
145336.94 0 1
145336.94 0 7
145336.94 0 2
145531.69 0 2
145531.7 0 6
145726.45 0 1
145726.45 0 3
145726.45 0 6
145726.45 0 2
145921.2 0 2
145921.21 0 6
146115.96 0 1
146115.96 0 6
146115.96 0 2
146213.33 0 3
146310.71 0 6
146310.71 0 2
146408.09 0 3
146505.47 0 6
146505.47 0 3
146505.47 0 2
146505.47 0 1
146700.22 0 6
146700.22 0 2
146894.98 0 2
146894.98 0 5
146894.98 0 1
147089.73 0 5
147089.73 0 2
147284.48 0 2
147284.49 0 1
147284.49 0 3
147284.49 0 5
147479.24 0 5
147479.24 0 2
147673.99 0 2
147674 0 1
147674 0 5
147771.37 0 3
147868.75 0 5
147868.75 0 2
147966.13 0 3
148063.5 0 2
148063.51 0 5
148063.51 0 1
148063.51 0 3
148258.26 0 5
148258.26 0 2
148453.01 0 2
148453.02 0 1
148453.02 0 5
148647.77 0 6
148647.77 0 2
148842.52 0 3
148842.52 0 1
148842.52 0 6
148842.52 0 2
149037.28 0 2
149037.28 0 6
149232.03 0 1
149232.03 0 6
149232.03 0 2
149329.41 0 3
149426.79 0 2
149426.79 0 6
149524.16 0 3
149621.54 0 5
149621.54 0 1
149621.54 0 3
149621.54 0 2
149816.3 0 3
149816.3 0 5
149913.67 0 3
150011.05 0 1
150011.05 0 7
150011.05 0 2
150205.8 0 2
150205.81 0 7
150400.56 0 7
150400.56 0 1
150400.56 0 4
150400.56 0 2
150400.56 0 3
150595.31 0 2
150595.32 0 7
150790.07 0 1
150790.07 0 7
150790.07 0 2
150887.45 0 3
150984.82 0 7
150984.82 0 2
151082.2 0 3
151179.58 0 7
151179.58 0 1
151179.58 0 3
151179.58 0 2
151374.33 0 7
151374.33 0 2
151569.09 0 7
151569.09 0 1
151569.09 0 2
151763.84 0 6
151763.84 0 2
151958.6 0 2
151958.6 0 1
151958.6 0 6
151958.6 0 3
152153.35 0 6
152153.35 0 2
152348.1 0 2
152348.11 0 1
152348.11 0 6
152445.48 0 3
152542.86 0 6
152542.86 0 2
152640.24 0 3
152737.61 0 2
152737.62 0 1
152737.62 0 6
152737.62 0 3
152932.37 0 6
152932.37 0 2
153127.12 0 2
153127.13 0 5
153127.13 0 1
153321.88 0 5
153321.88 0 2
153516.63 0 2
153516.64 0 5
153516.64 0 3
153516.64 0 1
153711.39 0 5
153711.39 0 2
153906.14 0 1
153906.14 0 5
153906.14 0 2
154003.52 0 3
154100.9 0 2
154100.9 0 5
154198.27 0 3
154295.65 0 3
154295.65 0 5
154295.65 0 1
154295.65 0 2
154490.41 0 2
154490.41 0 5
154685.16 0 1
154685.16 0 5
154685.16 0 2
154879.91 0 2
154879.92 0 4
155074.67 0 4
155074.67 0 3
155074.67 0 1
155074.67 0 2
155269.42 0 2
155269.43 0 4
155464.18 0 1
155464.18 0 4
155464.18 0 2
155561.56 0 3
155658.93 0 4
155658.93 0 2
155756.31 0 3
155853.69-156048.45 0 6
155853.69 0 3
155853.69 0 2
155853.69 0 1
156243.2 0 5
156243.2 0 3
156243.2 0 4
156243.2 0 1
156437.95 0 4
156632.71 0 1
156632.71 0 3
156632.71 0 4
156827.46 0 4
157022.22 0 4
157022.22 0 1
157216.97 0 4
157411.72 0 4
157411.72 0 3
157411.72 0 1
157606.48 0 4
157801.23 0 4
157801.23 0 1
157995.99 0 4
158190.74 0 1
158190.74 0 3
158190.74 0 4
158385.5 0 4
158580.25 0 4
158580.25 0 1
158775.01 0 4
158969.76 0 4
158969.76 0 3
158969.76 0 1
159164.52 0 4
159359.27 0 4
159359.27 0 1
159554.03 0 4
159748.78 0 4
159748.78 0 1
159748.78 0 3
159943.53 0 4
160138.29 0 4
160138.29 0 1
160333.04 0 4
160527.8 0 4
160527.8 0 3
160527.8 0 1
160722.55 0 4
160917.31 0 4
160917.31 0 1
161112.06 0 4
161306.82 0 4
161306.82 0 3
161306.82 0 1
161501.57 0 4
161696.33 0 4
161696.33 0 1
161891.08 0 4
162085.84 0 4
162085.84 0 3
162085.84 0 1
162280.59 0 4
162475.34 0 4
162475.34 0 5
162475.34 0 1
162670.1 0 4
162864.85 0 1
162864.85 0 3
162864.85 0 4
163059.61 0 4
163254.36 0 4
163254.36 0 1
163449.12 0 4
163643.87 0 4
163643.87 0 3
163643.87 0 1
163838.63 0 4
164033.38 0 4
164033.38 0 1
164228.14 0 4
164422.89 0 4
164422.89 0 1
164422.89 0 3
164617.64 0 4
164812.4 0 4
164812.4 0 1
165007.15 0 4
165201.91 0 1
165201.91 0 3
165201.91-165494.04 0 7
165201.91 0 4
165396.66 0 4
165591.42 0 4
165591.42 0 1
165786.17 0 4
165980.93 0 1
165980.93 0 3
165980.93 0 4
166175.68 0 4
166370.44 0 4
166370.44 0 1
166565.19 0 4
166759.95 0 4
166759.95 0 3
166759.95 0 1
166954.7 0 4
167149.45 0 4
167149.45 0 1
167344.21 0 4
167538.96 0 4
167538.96 0 1
167538.96 0 3
167733.72 0 4
167928.47 0 4
167928.47 0 1
168123.23 0 4
168317.98 0 4
168317.98 0 3
168317.98-168610.11000000002 0 7
168317.98 0 1
168512.74 0 4
168707.49 0 4
168707.49 0 1
168902.25 0 4
169097 0 4
169097 0 3
169097 0 1
169291.76 0 4
169486.51 0 4
169486.51 0 1
169681.27 0 4
169876.02 0 1
169876.02 0 3
169876.02 0 4
170070.77 0 4
170265.53 0 4
170265.53 0 1
170460.28 0 4
170655.04 0 4
170655.04 0 3
170655.04 0 1
170849.79 0 4
171044.55 0 4
171044.55 0 1
171239.3 0 4
171434.06-171726.19 0 7
171434.06 0 3
171434.06 0 4
171434.06 0 1
171628.81 0 4
171823.57 0 4
171823.57 0 1
172018.32 0 4
172213.08 0 4
172213.08 0 3
172213.08 0 1
172407.83 0 4
172602.58 0 4
172602.58 0 1
172797.34 0 4
172992.09 0 4
172992.09 0 3
172992.09 0 1
173186.85 0 4
173381.6 0 4
173381.6 0 1
173576.36 0 4
173771.11 0 4
173771.11 0 3
173771.11 0 1
173965.87 0 4
174160.62 0 4
174160.62 0 1
174355.38 0 4
174550.13 0 4
174550.13 0 3
174550.13-174842.26 0 7
174550.13 0 1
174744.88 0 4
174939.64 0 2
174939.64 0 7
174939.64 0 1
174939.64 0 3
175134.39 0 7
175134.39 0 2
175329.15 0 7
175329.15 0 2
175329.15 0 1
175329.15 0 3
175523.9 0 7
175523.9 0 1
175523.9 0 2
175523.9 0 3
175718.66 0 7
175718.66 0 2
175913.41 0 1
175913.41 0 7
175913.41 0 3
175913.41 0 2
176108.17 0 6
176108.17 0 2
176108.17 0 3
176108.17 0 1
176302.92 0 6
176302.92 0 2
176497.68 0 1
176497.68 0 6
176497.68 0 2
176497.68 0 3
176692.43 0 6
176692.43 0 2
176887.19 0 6
176887.19 0 2
176887.19 0 1
176887.19 0 3
177081.94 0 6
177081.94 0 2
177081.94 0 3
177081.94 0 1
177276.69 0 6
177276.7 0 2
177471.45 0 2
177471.45 0 3
177471.45 0 1
177471.45-177666.2 0 6
177666.2 0 2
177666.2-177860.96000000002 0 3
177666.2-177860.96000000002 0 4
177860.96 0 2
178055.71 0 7
178055.71 0 1
178055.71 0 2
178055.71 0 3
178250.47 0 7
178250.47 0 2
178445.22 0 2
178445.22 0 1
178445.22 0 7
178445.22 0 3
178639.98 0 7
178639.98 0 2
178639.98 0 1
178639.98 0 3
178834.73 0 7
178834.73 0 2
179029.49 0 7
179029.49 0 1
179029.49 0 2
179029.49 0 3
179224.24 0 6
179224.24 0 1
179224.24 0 2
179224.24 0 3
179419 0 2
179419 0 6
179613.75 0 6
179613.75 0 1
179613.75 0 2
179613.75 0 3
179808.5 0 6
179808.51 0 2
180003.26 0 2
180003.26 0 6
180003.26 0 1
180003.26 0 3
180198.01 0 6
180198.01 0 2
180198.01 0 1
180198.01 0 3
180392.77 0 2
180392.77 0 6
180587.52-180782.27 0 6
180587.52 0 1
180587.52 0 2
180587.52 0 3
180782.28 0 2
180782.28-180977.04 0 3
180782.28-180977.04 0 4
180977.03 0 2
181171.79 0 5
181171.79 0 2
181171.79 0 1
181171.79 0 3
181366.54 0 5
181366.54 0 2
181561.3 0 5
181561.3 0 1
181561.3 0 3
181561.3 0 2
181756.05 0 5
181756.05 0 2
181756.05 0 1
181756.05 0 3
181950.81 0 2
181950.81 0 5
182145.56 0 5
182145.56 0 2
182145.56 0 1
182145.56 0 3
182340.31 0 5
182340.32 0 1
182340.32 0 3
182340.32 0 2
182535.07 0 5
182535.07 0 2
182729.82 0 5
182729.82 0 2
182729.82 0 3
182729.82 0 1
182924.58 0 2
182924.58 0 5
183119.33 0 5
183119.33 0 2
183119.33 0 3
183119.33 0 1
183314.09 0 5
183314.09 0 1
183314.09 0 2
183314.09 0 3
183508.84 0 5
183508.84 0 2
183703.6 0 5
183703.6 0 1
183703.6 0 2
183703.6 0 3
183898.35 0 2
183898.35-184093.1 0 7
183898.35-184093.11000000002 0 3
183898.35-184093.11000000002 0 4
184093.11 0 2
184287.86 0 5
184287.86 0 2
184287.86 0 1
184287.86 0 3
184482.62 0 5
184482.62 0 2
184677.37 0 5
184677.37 0 2
184677.37 0 1
184677.37 0 3
184872.12 0 1
184872.12 0 2
184872.12 0 5
184872.12 0 3
185066.88 0 5
185066.88 0 2
185261.63 0 5
185261.63 0 2
185261.63 0 3
185261.63 0 1
185456.39 0 3
185456.39 0 2
185456.39 0 1
185456.39 0 5
185651.14 0 5
185651.14 0 2
185845.9 0 5
185845.9 0 2
185845.9 0 1
185845.9 0 3
186040.65 0 5
186040.65 0 2
186235.41 0 5
186235.41 0 2
186235.41 0 1
186235.41 0 3
186430.16 0 5
186430.16 0 2
186430.16 0 1
186430.16 0 3
186624.92 0 5
186624.92 0 3
186624.92 0 1
186819.67 0 5
186819.67 0 4
186819.67 0 2
186917.05 0 3
187014.43-187209.18 0 7
187014.43 0 2
187014.43 0 4
187111.8 0 3
187209.18 0 2
187209.18 0 4
187306.56 0 3
187403.93 0 4
187403.93 0 2
187403.93 0 3
187598.69 0 3
187598.69 0 2
187793.44 0 7
187793.44 0 2
187793.44 0 3
187988.2-188280.33000000002 0 6
187988.2-188280.33000000002 0 5
187988.2 0 1
188182.95 0 1
188182.95 0 7
188377.71 0 2
188377.71 0 1
188572.46 0 7
188572.46 0 3
188572.46 0 2
188767.22 0 2
188767.22 0 1
188961.97 0 3
188961.97 0 2
188961.97 0 7
189156.73 0 3
189156.73 0 2
189351.48 0 3
189351.48 0 7
189351.48 0 2
189546.23-189838.36000000002 0 5
189546.23-189838.36000000002 0 4
189546.23 0 1
189740.99 0 1
189740.99 0 7
189935.74 0 1
189935.74 0 2
190130.5 0 7
190130.5 0 2
190130.5 0 3
190325.25 0 1
190325.25 0 2
190520.01 0 4
190520.01 0 7
190520.01 0 2
190520.01 0 3
190714.76 0 3
190714.76 0 2
190909.52 0 7
190909.52 0 3
190909.52 0 2
191104.27 0 1
191104.27-191396.4 0 6
191104.27-191396.4 0 5
191299.03 0 1
191299.03 0 7
191493.78 0 1
191493.78 0 2
191688.54 0 7
191688.54 0 3
191688.54 0 2
191883.29 0 2
191883.29 0 1
192078.04 0 2
192078.04 0 3
192078.04 0 7
192272.8 0 3
192272.8 0 2
192467.55 0 7
192467.55 0 2
192467.55 0 3
192662.31-192954.44 0 6
192662.31-192954.44 0 4
192662.31 0 1
192857.06 0 1
192857.06 0 7
193051.82 0 1
193051.82 0 2
193246.57 0 3
193246.57 0 2
193246.57 0 7
193441.33 0 1
193441.33 0 2
193538.7 0 7
193636.08 0 4
193636.08 0 2
193636.08 0 3
193830.84 0 3
193830.84 0 2
194025.59 0 3
194025.59 0 7
194025.59 0 2
194220.35 0 1
194220.35-194512.48 0 5
194220.35-194512.48 0 6
194415.1 0 1
194415.1 0 7
194609.85 0 1
194609.85 0 2
194804.61 0 7
194804.61 0 3
194804.61 0 2
194999.36 0 1
194999.36 0 2
195194.12 0 7
195194.12 0 2
195194.12 0 3
195388.87 0 3
195388.87 0 2
195583.63 0 3
195583.63 0 2
195583.63 0 7
195778.38-196070.51 0 5
195778.38-196070.51 0 4
195778.38 0 1
195973.14 0 1
195973.14 0 7
196167.89 0 1
196167.89 0 2
196362.65 0 7
196362.65 0 3
196362.65 0 2
196557.4 0 1
196557.4 0 2
196752.16 0 7
196752.16 0 4
196752.16 0 2
196752.16 0 3
196946.91 0 3
196946.91 0 2
197141.66 0 7
197141.66 0 2
197141.66 0 3
197336.42 0 4
197336.42 0 1
197336.42-197628.55000000002 0 5
197336.42-197628.55000000002 0 6
197531.17 0 1
197725.93 0 1
197725.93 0 2
197920.68 0 7
197920.68 0 2
197920.68 0 3
198115.44 0 1
198115.44 0 2
198310.19 0 7
198310.19 0 3
198310.19 0 2
198504.95 0 7
198504.95 0 2
198504.95 0 4
198504.95 0 3
198699.7 0 3
198699.7 0 2
198894.46-199186.59 0 6
198894.46 0 7
198894.46 0 1
198894.46-199186.59 0 4
199089.21 0 1
199089.21 0 7
199283.97 0 7
199283.97 0 2
199283.97 0 1
199478.72 0 3
199478.72 0 2
199478.72 0 7
199673.47 0 6
199673.47 0 2
199673.47 0 1
199868.23 0 3
199868.23 0 7
199868.23-200257.74000000002 0 5
199868.23 0 2
200062.98 0 3
200062.98 0 2
200257.74 0 3
200257.74 0 2
200452.49-200842 0 7
200452.49-200744.62 0 6
200452.49 0 1
200647.25 0 1
200842 0 2
200842 0 1
201036.76 0 3
201036.76 0 2
201231.51 0 2
201231.51 0 1
201426.27-201815.78 0 5
201426.27 0 2
201426.27 0 3
201621.02 0 2
201621.02 0 3
201815.78 0 3
201815.78 0 2
202010.53-202400.04 0 6
202010.53-202302.66 0 5
202010.53 0 1
202205.29 0 1
202400.04 0 2
202400.04 0 1
202594.79 0 2
202594.79 0 3
202789.55 0 2
202789.55 0 1
202984.3-203373.81 0 5
202984.3 0 3
202984.3 0 2
203179.06 0 3
203179.06 0 2
203373.81 0 2
203373.81 0 3
203568.57-203958.08000000002 0 7
203568.57-203860.7 0 6
203568.57 0 1
203763.32 0 1
203958.08 0 2
203958.08 0 1
204152.83 0 2
204152.83 0 3
204347.59 0 2
204347.59 0 1
204542.34-204931.85 0 5
204542.34-204931.85 0 7
204542.34 0 2
204542.34 0 3
204737.09 0 2
204737.09 0 3
204931.85 0 2
204931.85 0 3
205126.6-205710.86000000002 0 7
205126.6-205418.73 0 4
205126.6 0 1
205126.6-205710.86000000002 0 6
205321.36 0 1
205516.11 0 2
205516.11 0 1
205710.87 0 2
205710.87 0 3
205905.62 0 2
205905.62 0 1
206100.38 0 2
206100.38 0 4
206100.38 0 3
206100.38-206489.89 0 5
206295.13 0 2
206295.13 0 3
206489.89 0 2
206489.89 0 3
206684.64 0 1
206684.64-206976.77000000002 0 6
206684.64-207268.90000000002 0 7
206879.4 0 1
207074.15 0 2
207074.15 0 1
207268.9 0 2
207268.9 0 3
207463.66 0 2
207463.66 0 1
207658.41 0 2
207658.41 0 3
207658.41-208047.92 0 5
207853.17 0 2
207853.17 0 3
208047.92 0 2
208047.92 0 3
208242.68-208632.19 0 6
208242.68 0 1
208242.68-208534.81 0 5
208437.43 0 1
208632.19 0 2
208632.19 0 1
208826.94 0 2
208826.94 0 3
209021.7 0 2
209021.7 0 1
209216.45-209605.96000000002 0 5
209216.45 0 2
209216.45 0 3
209411.21 0 2
209411.21 0 3
209605.96 0 2
209605.96 0 3
209800.71-210190.22 0 7
209800.71-210092.84 0 6
209800.71 0 1
209995.47 0 1
210190.22 0 2
210190.22 0 1
210384.98 0 2
210384.98 0 3
210579.73 0 2
210579.73 0 1
210774.49 0 2
210774.49-211164 0 6
210774.49 0 3
210969.24 0 2
210969.24 0 3
211164 0 2
211164 0 3
211358.75 0 1
211358.75-211650.88 0 4
211358.75-213111.54 0 7
211358.75-218564.67 0 5
211553.51 0 1
211748.26 0 1
211748.26 0 2
211748.26 0 3
211845.64 0 3
211943.02 0 3
211943.02 0 2
211943.02 0 4
212040.39 0 4
212137.77-214669.58 0 1
212137.77-218759.43 0 2
212137.77 0 3