###FILE ALREADY PARSED###
BPM 0 92
652.17 0 3 
652.17 0 5 
978.26 0 3 
978.26 0 5 
1141.3 0 3 
1141.3 0 5 
1304.35 0 4 
1304.35 0 1 
1304.35-3750 0 7
1630.44 0 1 
1956.52 0 3 
1956.52 0 4 
2282.61 0 1 
2608.7 0 3 
2934.78 0 1 
3260.87 0 3 
3260.87 0 4 
3586.96-6032.61 0 5 
3586.96 0 1 
3913.04 0 3 
4239.13 0 1 
4565.22 0 4 
4565.22 0 3 
4891.3 0 1 
5217.39 0 3 
5543.48 0 1 
5869.57 0 4 
5869.57 0 3 
6195.65 0 3 
6195.65-8804.35 0 6 
6195.65 0 5 
6358.7 0 3 
6358.7 0 5 
6521.74 0 1 
6847.83 0 1 
7173.91 0 3 
7173.91 0 4 
7500 0 1 
7826.09 0 3 
8152.17 0 1 
8478.26 0 3 
8478.26 0 4 
8804.35-10108.7 0 6 
8804.35-10108.7 0 5 
8804.35 0 2 
9130.44 0 3 
9456.52 0 1 
9782.61 0 3 
9782.61 0 4 
10108.7 0 1 
10108.7-11086.96 0 5 
10108.7-11086.96 0 7 
10434.78 0 3 
10760.87 0 1 
11086.96 0 4 
11086.96 652.17 5 1 0 
11086.96 652.17 6 1 0 
11086.96 0 3 
11413.04 0 3 
11413.04 0 5 
11576.09 0 3 
11576.09 0 5 
11739.13 0 1 
11739.13 0 7 
11902.17 0 4 
12065.22 0 4 
12228.26 0 4 
12391.3 0 7 
12391.3 0 6 
12554.35 0 4 
12717.39 0 4 
12880.44 0 4 
13043.48 0 7 
13206.52 0 4 
13369.57 0 4 
13532.61 0 4 
13695.65 0 7 
13695.65 0 6 
13858.7 0 4 
14021.74 0 4 
14184.78 0 4 
14347.83 0 7 
14510.87 0 2 
14510.87 0 4 
14673.91 0 2 
14673.91 0 4 
14836.96 0 2 
14836.96 0 4 
15000 0 7 
15000 0 6 
15163.04 0 1 
15163.04 0 4 
15326.09 0 1 
15326.09 0 4 
15489.13 0 1 
15489.13 0 4 
15652.17 0 7 
15815.22 0 2 
15815.22 0 4 
15978.26 0 2 
15978.26 0 4 
16141.3 0 2 
16141.3 0 4 
16304.35 0 7 
16304.35 0 6 
16467.39 0 1 
16467.39 0 4 
16630.44 0 7 
16630.44 0 4 
16630.44 0 1 
16793.48 0 7 
16793.48 0 4 
16793.48 0 1 
16956.52 0 1 
17119.56 0 6 
17282.61 0 6 
17445.65 0 6 
17608.7 0 1 
17608.7 0 2 
17771.74 0 6 
17934.78 0 6 
18097.83 0 6 
18260.87 0 1 
18423.91 0 6 
18586.96 0 6 
18750 0 6 
18913.04 0 1 
18913.04 0 2 
19076.09 0 6 
19239.13 0 6 
19402.17 0 6 
19565.22 0 1 
19728.26 0 3 
19728.26 0 5 
19891.3 0 5 
19891.3 0 3 
20054.35 0 3 
20054.35 0 5 
20217.39 0 1 
20217.39 0 2 
20380.44 0 4 
20380.44 0 5 
20543.48 0 4 
20543.48 0 5 
20706.52 0 5 
20706.52 0 4 
20869.56 0 1 
21032.61 0 3 
21032.61 0 5 
21195.65 0 5 
21195.65 0 3 
21358.7 0 5 
21358.7 0 3 
21521.74 0 1 
21521.74 0 2 
21684.78 489.13 2 2 0 
21684.78 0 4 
21684.78 0 5 
21847.83 0 5 
21847.83 0 4 
22010.87 0 5 
22010.87 0 4 
22173.91 0 1 
22173.91 2282.61 3 2 0 
22500 0 7 
22826.09 0 1 
22826.09 0 2 
23152.17 0 7 
23478.26 815.22 4 2 0 
23478.26 0 1 
23804.35 0 7 
24130.44 815.22 2 2 0 
24130.44 0 1 
24130.44 0 2 
24456.52 0 7 
24782.61 0 1 
24782.61 1956.52 3 2 0 
25108.7 0 7 
25434.78 0 1 
25434.78 0 2 
25760.87 0 7 
26086.96 0 1 
26413.04 0 7 
26739.13 0 1 
26739.13 0 2 
27065.22 0 3 
27065.22 0 1 
27228.26 0 1 
27228.26 0 3 
27391.3 2771.74 2 2 0 
27391.3 0 7 
27717.39 0 1 
28043.48 0 6 
28043.48 0 7 
28369.57 0 1 
28695.65 0 7 
29021.74 0 1 
29347.83 0 7 
29347.83 0 6 
29673.91 0 1 
30000 1467.39 1 2 0 
30000 0 7 
30326.09 0 1 
30652.17 0 7 
30652.17 0 6 
30978.26 0 1 
31304.35 652.17 0 2 0 
31304.35 326.09 2 2 0 
31304.35 0 7 
31956.52 0 6 
31956.52 0 7 
31956.52 326.09 3 2 0 
32282.61 0 7 
32282.61 0 1 
32282.61 163.04 2 2 0 
32445.65 0 1 
32445.65 0 7 
32608.7 0 7 
32608.7 0 1 
32934.78 0 3 
33260.87 0 6 
33260.87 0 1 
33260.87 0 2 
33260.87 0 7 
33586.96 0 3 
33913.04 0 7 
33913.04 0 1 
34239.13 0 3 
34565.22 0 6 
34565.22 0 1 
34565.22 0 7 
34565.22 0 2 
34891.3 0 3 
35217.39 0 7 
35217.39 0 1 
35543.48 0 4 
35869.57 0 1 
35869.57 0 6 
35869.57 0 2 
35869.57 0 7 
36195.65 0 4 
36521.74 0 7 
36521.74 0 1 
36847.83 0 4 
37173.91 0 6 
37173.91 0 7 
37173.91 0 1 
37173.91 0 2 
37500 0 3 
37500 0 5 
37663.04 0 3 
37663.04 0 5 
37826.09 0 7 
37826.09 0 1 
38152.17 0 5 
38478.26 0 6 
38478.26 0 1 
38478.26 0 2 
38478.26 0 7 
38804.35 0 5 
39130.44 0 1 
39130.44 0 7 
39456.52 0 5 
39782.61 0 7 
39782.61 0 2 
39782.61 0 1 
39782.61 0 6 
40108.7 0 5 
40434.78 0 1 
40434.78 0 7 
40760.87 0 4 
41086.96 0 7 
41086.96 0 2 
41086.96 0 1 
41086.96 0 6 
41413.04 0 4 
41739.13 0 1 
41739.13 0 7 
42065.22 0 4 
42391.3 0 1 
42391.3 0 2 
42391.3 0 6 
42391.3 0 7 
42717.39 0 3 
42717.39 0 5 
42880.44 0 3 
42880.44 0 5 
43043.48 652.17 3 4 0 
43043.48 0 7 
43043.48 0 1 
43695.65 326.09 4 4 0 
43695.65 0 1 
43695.65 0 2 
44021.74 326.09 2 4 0 
44347.83 652.17 5 4 0 
44347.83 0 1 
45000 326.09 6 4 0 
45000 0 1 
45000 0 2 
45326.09 978.26 3 4 0 
45652.17 0 1 
46304.35 326.09 4 4 0 
46304.35 0 1 
46304.35 0 2 
46630.44 978.26 2 4 0 
46956.52 0 1 
47608.7 0 1 
47608.7 0 2 
47934.78 0 5 
47934.78 0 3 
48097.83 0 5 
48097.83 0 3 
48260.87 0 7 
48260.87 0 1 
48913.04 326.09 3 4 0 
48913.04 0 1 
48913.04 0 2 
49239.13 326.09 2 4 0 
49565.22 652.17 4 4 0 
49565.22 0 1 
50217.39 0 2 
50217.39 326.09 5 4 0 
50217.39 0 1 
50217.39 326.09 6 4 0 
50543.48 978.26 6 4 0 
50869.57 0 1 
51521.74 0 2 
51521.74 326.09 6 4 0 
51521.74 326.09 5 4 0 
51521.74 0 1 
51847.83 978.26 4 4 0 
52173.91 0 1 
52826.09 0 2 
52826.09 0 1 
52826.09 326.09 2 4 0 
53152.17 978.26 3 4 0 
53152.17 0 3 
53152.17 0 5 
53315.22 0 5 
53315.22 0 3 
53478.26 0 1 
54130.44 326.09 3 4 0 
54130.44 0 1 
54130.44 0 2 
54456.52 326.09 4 4 0 
54782.61 0 1 
54782.61 652.17 5 4 0 
55434.78 0 2 
55434.78 0 1 
55434.78 326.09 3 4 0 
55760.87 978.26 6 4 0 
55760.87 978.26 3 4 0 
56086.96 0 1 
56739.13 0 2 
56739.13 0 1 
56739.13 326.09 4 4 0 
57065.22 978.26 6 4 0 
57391.3 0 1 
58043.48 0 2 
58043.48 0 1 
58369.57 0 3 
58369.57 0 5 
58532.61 0 3 
58532.61 0 5 
58695.65 0 1 
59021.74 326.09 3 4 0 
59347.83 326.09 2 4 0 
59673.91 326.09 4 4 0 
60000 326.09 5 4 0 
60326.09 652.17 6 4 0 
60978.26 978.26 3 4 0 
61956.52 326.09 0 4 0 
61956.52 326.09 6 4 0 
62282.61 1086.96 2 4 0 
62282.61 1086.96 4 4 0 
63260.87 434.78 0 4 0 
63260.87 434.78 6 4 0 
63586.96 1630.43 1 4 0 
63586.96 1793.48 3 4 0 
63586.96 1630.43 5 4 0 
65543.48 0 1 
65706.52 0 3 
65869.57 0 1 
65869.57 0 2 
66521.74 81.52 4 5 0 
66684.78 40.76 0 5 0 
66847.83 81.52 4 5 0 
67010.87 40.76 0 5 0 
67173.91 81.52 3 5 0 
67336.96 40.76 0 5 0 
67500 81.52 3 5 0 
67663.04 40.76 0 5 0 
67771.74 0 4 
67826.09 489.13 4 5 0 
68315.22 326.09 3 5 0 
69130.44 0 3 
69456.52 0 7 
69782.61 0 3 
69782.61 0 1 
69782.61 0 2 
70108.7 0 7 
70108.7 0 2 
70434.78 0 3 
70434.78 0 1 
70760.87 0 6 
70760.87 0 2 
70923.91 0 2 
71086.96 0 2 
71086.96 0 1 
71086.96 0 3 
71413.04 0 6 
71413.04 0 2 
71739.13 0 3 
71739.13 0 1 
72065.22 0 5 
72065.22 0 2 
72228.26 0 2 
72391.3 0 3 
72391.3 0 1 
72391.3 0 2 
72717.39 0 5 
72717.39 0 2 
73043.48 0 3 
73043.48 0 1 
73369.57 0 4 
73369.57 0 2 
73532.61 0 2 
73695.65 0 3 
73695.65 0 1 
73695.65 0 2 
74021.74 0 5 
74021.74 0 3 
74021.74 0 4 
74184.78 0 3 
74184.78 0 5 
74307.07 0 6 
74347.83 326.09 6 5 0 
74959.24 0 4 
75000 326.09 4 5 0 
75611.41 0 5 
75652.17 326.09 5 5 0 
76100.54 0 3 
76141.3 163.04 3 5 0 
76915.76 0 4 
76956.52 40.76 4 5 0 
77241.85 0 4 
77282.61 40.76 4 5 0 
77567.94 0 3 
77608.7 40.76 3 5 0 
77894.02 0 3 
77934.78 40.76 3 5 0 
78220.11 0 5 
78260.87 448.37 5 5 0 
78709.24 0 4 
78750 652.17 4 5 0 
79565.22 0 3 
79891.3 0 7 
80217.39 0 2 
80217.39 0 1 
80217.39 0 3 
80543.48 0 7 
80543.48 0 2 
80869.57 0 3 
80869.57 0 1 
81195.65 0 6 
81195.65 0 2 
81358.7 0 2 
81521.74 0 2 
81521.74 0 1 
81521.74 0 3 
81847.83 0 6 
81847.83 0 2 
82173.91 0 3 
82173.91 0 1 
82500 0 5 
82500 0 2 
82663.04 0 2 
82826.09 0 3 
82826.09 0 1 
82826.09 0 2 
83152.17 0 5 
83152.17 0 2 
83478.26 0 3 
83478.26 0 1 
83804.35 0 4 
83804.35 0 2 
83967.39 0 2 
84130.43 0 3 
84130.43 0 1 
84130.43 0 2 
84456.52 0 5 
84456.52 0 3 
84456.52 0 4 
84619.57 0 3 
84619.57 0 5 
84782.61 0 7 
84782.61 0 3 
84782.61 0 1 
84945.65 0 4 
85108.7 0 3 
85271.74 0 4 
85434.78 0 3 
85434.78 0 5 
85597.83 0 5 
85760.87 0 3 
85923.91 0 5 
86086.96 0 2 
86086.96 0 6 
86250 0 5 
86413.04 0 3 
86576.09 0 5 
86739.13 0 3 
86739.13 0 5 
86902.17 0 2 
87065.22 0 1 
87228.26 0 2 
87228.26 0 5 
87391.3 0 6 
87391.3 0 2 
87554.35 0 5 
87717.39 0 3 
87880.44 0 2 
88043.48 0 2 
88043.48 0 6 
88206.52 0 5 
88369.57 0 3 
88532.61 0 2 
88695.65 0 6 
88695.65 0 2 
88858.7 0 7 
89021.74 0 6 
89184.78 0 5 
89347.83 0 5 
89347.83 0 3 
89510.87 0 4 
89673.91 0 3 
89673.91 0 5 
89836.96 0 7 
89836.96 0 1 
90000 0 2 
90163.04 0 1 
90326.09 0 2 
90489.13 0 1 
90652.17 0 3 
90652.17 0 5 
90815.22 0 2 
90978.26 0 3 
91141.3 0 2 
91304.35 0 3 
91304.35 0 5 
91467.39 0 3 
91630.44 0 4 
91793.48 0 2 
91956.52 0 3 
91956.52 0 5 
92119.57 0 2 
92282.61 0 1 
92445.65 0 5 
92608.7 0 2 
92608.7 0 6 
92771.74 0 5 
92934.78 0 4 
93097.83 0 3 
93260.87 0 6 
93260.87 0 2 
93423.91 0 5 
93586.96 0 4
93750 0 3 
93913.04 0 6 
93913.04 0 2 
94076.09 0 7 
94239.13 0 5 
94402.17 0 3 
94565.22 0 3 
94565.22 0 5 
94728.26 0 3 
94891.3 0 1 
94891.3 0 7 
95054.35 0 6 
95054.35 163.04 1 6 0 
95217.39 0 3 
95217.39 0 7 
95380.43 0 4 
95543.48 0 3 
95706.52 0 4 
95869.57 0 6 
95869.57 0 7 
95869.57 0 3 
96032.61 0 5 
96195.65 0 3 
96358.7 0 5 
96521.74 0 7 
96684.78 0 5 
96847.83 0 3 
97010.87 0 5 
97173.91 0 3 
97173.91 0 7 
97173.91 0 6 
97336.96 0 2 
97500 0 1
97663.04 0 5
97663.04 0 2 
97826.09 0 1 
97826.09 0 7 
97989.13 0 5 
98152.17 0 3 
98315.22 0 2 
98478.26 0 6 
98478.26 0 7 
98641.3 0 5
98804.35 0 3
98967.39 0 2
99130.43 0 6 
99130.44 0 1 
99293.48 0 7 
99456.52 0 6 
99619.57 0 5 
99782.61 0 3 
99782.61 0 7 
99945.65 0 4 
100108.7 0 3 
100108.7 0 7 
100108.7 0 6 
100271.74 0 6 
100271.74 0 7 
100271.74 0 1 
100434.78 0 2 
100434.78 0 7 
100597.83 0 1 
100760.87 0 2 
100923.91 0 1 
101086.96 0 3 
101086.96 0 7 
101086.96 0 6 
101250 0 2 
101413.04 0 3 
101576.09 0 2 
101739.13 0 5 
101739.13 0 7 
101902.17 0 3 
102065.22 0 4 
102228.26 0 2 
102391.3 0 6 
102391.3 0 7 
102391.3 0 3 
102554.35 0 2 
102717.39 0 1 
103043.48 0 2 
103043.48 0 7 
103125 0 1 
103206.52 0 3 
103288.04 0 2 
103369.57 0 4 
103451.09 0 3 
103532.61 0 5 
103614.13 0 4 
103695.65 0 6 
103777.17 0 5 
103858.7 0 7 
103940.22 0 6 
104021.74 0 7 
104103.26 0 5 
104184.78 0 6 
104266.3 0 4
104347.83 0 5 
104429.35 0 3 
104510.87 0 4 
104592.39 0 2 
104673.91 0 3 
104755.44 0 1 
104836.96 0 2 
104918.48 0 1 
105000 326.09 1 6 0 
105326.09 0 3 
105326.09 0 5 
105489.13 0 3 
105489.13 0 5 
105652.17 0 1 
105652.17 0 7 
105652.18 652.17 3 4 0 
106304.35 0 1 
106304.35 0 2 
106304.35 326.09 4 4 0 
106630.44 326.09 2 4 0 
106956.53 0 1 
106956.53 652.17 5 4 0 
107608.7 0 1 
107608.7 0 2 
107608.7 326.09 6 4 0 
107934.79 978.26 3 4 0 
108260.87 0 1 
108913.05 0 1 
108913.05 326.09 4 4 0 
108913.05 0 2 
109239.14 978.26 2 4 0 
109565.22 0 1 
110217.4 0 2 
110217.4 0 1 
110543.48 0 3 
110543.48 0 5 
110706.53 0 3 
110706.53 0 5 
110869.57 0 1 
110869.57 0 7 
111195.65 0 2 
111521.74 0 1 
111521.74 0 2 
111521.74 326.09 3 4 0 
111847.83 0 2 
111847.83 326.09 2 4 0 
112173.92 0 1 
112173.92 652.17 4 4 0 
112500 0 2 
112826.09 326.09 5 4 0 
112826.09 0 1 
112826.09 326.09 6 4 0 
112826.09 0 2 
113152.17 0 2 
113152.18 978.26 6 4 0 
113478.27 0 1 
113804.35 0 2 
114130.44 0 2 
114130.44 326.09 5 4 0 
114130.44 0 1 
114130.44 326.09 6 4 0 
114456.52 0 2 
114456.53 978.26 4 4 0 
114782.61 0 1 
115108.7 0 2 
115434.79 0 2 
115434.79 326.08 2 4 0 
115434.79 0 1 
115760.87 978.26 3 4 0 
115923.91 0 3 
115923.91 0 5 
116086.96 0 5 
116086.96 0 3 
116086.96 0 1 
116413.04 0 2 
116739.14 0 1 
116739.14 326.09 3 4 0 
116739.14 0 2 
117065.22 0 2 
117065.22 326.09 4 4 0 
117391.31 652.17 5 4 0 
117391.31 0 1 
117717.39 0 2 
118043.48 0 1 
118043.48 0 2 
118043.48 326.09 3 4 0 
118369.57 0 2 
118369.57 978.26 3 4 0 
118369.57 978.26 6 4 0 
118695.66 0 1 
119021.74 0 2 
119347.83 0 1 
119347.83 326.09 4 4 0 
119347.83 0 2 
119673.91 0 2 
119673.92 978.26 6 4 0 
120000 0 1 
120326.09 0 2 
120652.18 0 1 
120652.18 0 2 
120978.27 0 5 
120978.27 0 3 
121141.31 0 5 
121141.31 0 3 
121304.35 0 1 
121630.44-121956.53 0 4 
121956.53-122282.62 0 3 
122282.61-122608.7 0 5 
122608.7-122934.79 0 6 
122934.79-123586.96 0 7 
123586.96-124565.22 0 4 
124565.22-124891.31 0 7 
124565.22-124891.31 0 1 
124891.31-125978.27 0 5 
124891.31-125978.27 0 3 
125869.57-126304.35 0 7 
125869.57-126304.35 0 1 
126195.65-126521.74 0 4 
126195.65-127173.91 0 6 
126195.65-127173.91 0 2 
126521.74 0 3 
126684.78 0 4 
126847.83 0 3 
127010.87 0 4 
127173.91 0 3 
127173.91 0 5 
127336.96 0 5 
127500 0 3 
127663.04 0 5 
127826.09 0 2 
127826.09 0 6 
127989.13 0 5 
128152.17 0 3 
128315.22 0 5 
128478.26 0 3 
128478.26 0 5 
128641.3 0 2 
128804.35 0 1 
128967.39 0 5 
128967.39 0 2 
129130.43 0 6 
129130.44 0 2 
129293.48 0 5 
129456.52 0 3 
129619.57 0 2 
129782.61 0 2 
129782.61 0 6 
129945.65 0 5 
130108.7 0 3 
130271.74 0 2 
130434.78 0 6 
130434.78 0 2 
130597.83 0 7 
130760.87 0 6 
130923.91 0 5 
131086.96 0 5 
131086.96 0 3 
131250 0 4 
131413.04 0 3 
131413.04 0 5 
131576.09 0 7 
131576.09 0 1 
131739.13 0 2 
131739.13 0 6 
131902.17 0 1 
132065.22 0 2 
132228.26 0 1 
132391.3 0 3 
132391.3 0 5 
132554.35 0 2 
132717.39 0 3 
132880.43 0 2 
133043.48 0 3 
133043.48 0 5 
133206.52 0 3 
133369.57 0 4 
133532.61 0 2 
133695.65 0 3 
133695.65 0 5 
133858.7 0 2 
134021.74 0 1 
134184.78 0 5 
134347.83 0 6 
134510.87 0 5 
134673.91 0 4 
134836.96 0 3 
135000 0 6 
135000 0 3 
135163.04 0 5 
135326.09 0 4 
135489.13 0 3 
135652.17 0 6 
135815.22 0 7 
135978.26 0 5 
136141.3 0 4 
136304.35 0 3 
136304.35 0 5 
136467.39 0 3 
136630.43 0 1 
136630.44 0 7 
136793.48 0 6 
136793.48-136956.52 0 2 
136956.52 0 7 
136956.52 0 3 
137119.56 0 4 
137282.61 0 3 
137445.65 0 4 
137608.7 0 7 
137608.7 0 3 
137608.7 0 6 
137771.74 0 5 
137934.78 0 3 
138097.83 0 5 
138260.87 0 7 
138423.91 0 5 
138586.96 0 3 
138750 0 5 
138913.04 0 7 
138913.04 0 6 
138913.04 0 3 
139076.09 0 2 
139239.13 0 1 
139402.17 0 2 
139402.17 0 5 
139565.22 0 7 
139728.26 0 5 
139891.3 0 3 
140054.35 0 2 
140217.39 0 7 
140217.39 0 6 
140380.43 0 5 
140543.48 0 3 
140706.52 0 2 
140869.56 0 6 
140869.57 0 1 
141032.61 0 7 
141195.65 0 6 
141358.7 0 5 
141521.74 0 7 
141521.74 0 3 
141684.78 0 4 
141847.83 0 7 
141847.83 0 6 
141847.83 0 3 
142010.87 0 7 
142010.87 0 1 
142010.87 0 6 
142173.91 0 7 
142173.91 0 2 
142336.96 0 1 
142500 0 2 
142663.04 0 1 
142826.09 0 7 
142826.09 0 6 
142826.09 0 3 
142989.13 0 2 
143152.17 0 3 
143315.22 0 2 
143478.26 0 7 
143478.26 0 5 
143641.3 0 3 
143804.35 0 4 
143967.39 0 2 
144130.43 0 7 
144130.43 0 3 
144130.43 0 6 
144293.48 0 2 
144456.52 0 1 
144619.57 0 2 
144782.61 0 5 
144945.65 0 4 
145108.7 0 3 
145271.74 0 2 
145434.78 0 5 
145434.78 0 2 
145597.83 0 4 
145760.87 0 3 
145923.91 0 2 
146086.96 0 5 
146250 0 6 
146413.04 0 4 
146576.09 0 3 
146739.13 0 4 
146902.17 0 5 
147065.22 0 4 
147228.26 0 4 
147391.3-149673.91 0 1 
147391.3-149673.91 0 7 
147391.3-149347.82 0 6 
147391.3 0 5 
147391.3 0 3 
147391.3-149347.82 0 2 
147554.35 0 5 
147717.39 0 3 
147880.44 0 5 
148043.48 0 3 
148206.52 0 5 
148369.57 0 4 
148532.61 0 5 
148695.65 0 4 
148858.7 0 3 
149021.74 0 4 
149184.78 0 5 
149184.78 0 3 